Sample	Library	End	Std	Pos	A	C	G	T	Total	G>A	C>T	A>G	T>C	A>C	A>T	C>G	C>A	T>G	T>A	G>C	G>T	A>-	T>-	C>-	G>-	->A	->T	->C	->G	S
SM	LB	3p	+	1	723	380	430	500	2033	195	19	7	13	2	3	1	20	3	14	1	9	0	0	0	0	0	0	0	0	450
SM	LB	3p	+	2	734	423	360	516	2033	47	11	4	2	4	3	4	3	1	3	1	3	0	0	0	0	0	0	0	0	450
SM	LB	3p	+	3	653	390	449	541	2033	14	8	1	2	1	1	1	0	0	2	3	3	0	0	0	0	0	0	0	0	383
SM	LB	3p	+	4	620	383	491	539	2033	1	2	2	0	1	0	1	0	1	1	0	2	0	0	0	0	0	0	0	0	345
SM	LB	3p	+	5	600	418	486	529	2033	7	2	2	1	1	0	0	0	0	2	1	0	0	0	0	0	0	0	0	0	320
SM	LB	3p	+	6	636	370	481	545	2032	6	3	2	2	3	2	1	1	0	0	1	3	1	0	0	0	1	0	0	0	289
SM	LB	3p	+	7	649	399	442	541	2031	6	2	2	7	0	1	2	1	1	1	0	1	1	0	0	0	0	0	2	0	271
SM	LB	3p	+	8	630	421	433	548	2032	6	3	0	2	0	2	4	2	1	1	0	2	0	0	0	0	1	0	0	0	259
SM	LB	3p	+	9	638	421	503	471	2033	4	4	5	1	0	2	0	1	1	1	3	2	0	0	0	0	0	0	0	0	251
SM	LB	3p	+	10	611	443	494	484	2032	5	3	7	3	0	1	2	0	0	2	0	0	0	0	0	0	0	0	1	0	235
SM	LB	3p	+	11	604	441	479	509	2033	4	1	2	2	0	0	4	0	5	2	1	1	0	1	1	0	0	0	0	0	221
SM	LB	3p	+	12	630	425	465	513	2033	6	12	8	3	1	1	2	0	1	2	2	2	0	0	0	0	0	0	0	0	210
SM	LB	3p	+	13	572	432	458	570	2032	4	4	5	4	0	0	1	2	0	2	0	1	0	0	0	0	0	1	0	0	199
SM	LB	3p	+	14	598	442	450	542	2032	3	3	2	3	3	1	0	1	1	0	0	0	0	0	0	0	0	1	0	0	190
SM	LB	3p	+	15	562	439	476	555	2032	2	2	2	2	2	2	0	0	0	0	0	0	0	0	1	0	0	1	0	0	178
SM	LB	3p	+	16	595	419	443	576	2033	6	2	0	1	2	0	0	2	1	3	0	0	1	0	0	0	0	0	0	0	168
SM	LB	3p	+	17	584	472	433	544	2033	4	2	0	3	2	1	0	1	0	0	1	1	0	0	0	0	0	0	0	0	165
SM	LB	3p	+	18	573	481	454	525	2033	4	5	1	0	0	1	0	0	1	2	0	0	0	0	0	0	0	0	0	0	160
SM	LB	3p	+	19	549	458	472	554	2033	3	1	0	2	0	2	3	1	0	1	0	1	0	0	0	0	0	0	0	0	155
SM	LB	3p	+	20	570	437	452	562	2021	6	2	0	5	2	1	0	2	2	1	1	2	0	1	0	0	0	0	0	0	153
SM	LB	3p	+	21	575	430	446	560	2011	4	0	1	4	0	1	1	1	1	2	0	1	0	1	0	0	0	0	0	0	152
SM	LB	3p	+	22	597	422	417	566	2002	1	3	6	3	4	1	2	1	3	2	1	1	0	0	0	0	0	0	0	0	146
SM	LB	3p	+	23	575	455	448	512	1990	7	1	0	1	2	0	2	2	0	2	1	2	0	0	0	1	0	0	0	0	140
SM	LB	3p	+	24	534	440	440	568	1982	8	7	3	1	1	2	0	1	1	1	1	1	0	0	0	0	0	0	1	0	135
SM	LB	3p	+	25	545	407	421	600	1973	5	1	3	3	2	1	0	1	1	0	1	2	0	0	0	0	0	0	1	0	135
SM	LB	3p	+	26	570	421	410	560	1961	4	3	5	2	1	0	1	2	1	1	3	1	0	0	0	0	1	0	0	0	134
SM	LB	3p	+	27	592	389	438	535	1954	5	4	2	4	1	3	0	1	3	1	0	1	0	0	0	0	1	0	0	0	130
SM	LB	3p	+	28	568	421	434	519	1942	3	8	3	3	4	0	1	1	0	0	1	1	0	0	0	0	0	0	1	0	129
SM	LB	3p	+	29	598	420	384	531	1933	2	7	1	6	2	1	2	0	0	4	1	1	0	0	0	1	0	1	0	0	124
SM	LB	3p	+	30	562	404	411	543	1920	2	9	0	4	0	3	1	7	1	1	1	4	0	0	0	0	0	0	0	0	121
SM	LB	3p	+	31	516	377	352	499	1744	14	26	6	1	2	4	1	0	1	4	1	3	1	0	0	0	0	1	0	0	117
SM	LB	3p	+	32	473	308	322	438	1541	5	24	5	1	4	1	3	6	1	4	1	4	0	0	1	0	0	0	0	0	116
SM	LB	3p	+	33	383	306	281	408	1378	4	22	2	9	1	3	0	4	2	0	0	3	2	1	0	0	0	0	0	0	111
SM	LB	3p	+	34	361	254	261	341	1217	4	32	3	1	3	1	0	1	1	0	2	1	0	1	0	1	0	0	0	0	108
SM	LB	3p	+	35	286	187	247	350	1070	6	15	1	1	1	1	2	2	1	0	0	2	0	1	1	0	0	0	0	0	107
SM	LB	3p	+	36	276	186	177	270	909	7	12	1	6	0	2	1	2	1	4	2	2	0	2	0	0	0	0	0	0	106
SM	LB	3p	+	37	235	141	165	238	779	8	20	3	2	1	2	0	1	0	2	2	5	0	0	0	0	0	0	0	0	103
SM	LB	3p	+	38	189	148	146	183	666	6	12	1	1	1	0	0	0	0	0	0	0	0	0	0	0	0	0	0	0	102
SM	LB	3p	+	39	168	107	117	186	578	5	11	3	2	2	2	0	0	2	0	0	1	0	0	0	0	0	0	0	0	101
SM	LB	3p	+	40	145	107	116	130	498	6	11	2	0	0	0	1	1	2	4	0	1	0	0	0	0	0	0	0	0	99
SM	LB	3p	+	41	133	81	99	128	441	4	9	3	1	0	0	0	1	1	0	0	2	0	0	0	0	0	0	0	0	99
SM	LB	3p	+	42	120	71	88	103	382	3	10	3	1	0	2	1	2	0	1	0	0	0	0	0	0	0	0	0	0	99
SM	LB	3p	+	43	104	57	67	94	322	5	5	0	1	0	1	0	4	0	1	0	0	0	0	0	0	0	0	1	0	95
SM	LB	3p	+	44	61	64	58	112	295	2	7	1	1	0	1	1	0	3	1	0	1	0	0	0	0	0	0	0	0	92
SM	LB	3p	+	45	64	50	54	80	248	2	4	3	2	0	1	0	1	0	2	1	1	0	1	0	0	0	0	0	0	87
SM	LB	3p	+	46	74	35	43	66	218	2	7	0	4	0	0	1	0	0	0	0	1	0	0	0	0	0	0	0	0	79
SM	LB	3p	+	47	62	38	35	52	187	0	3	0	1	0	0	0	0	0	2	0	1	1	0	0	0	0	0	0	0	56
SM	LB	3p	+	48	46	35	31	54	166	0	3	0	0	0	0	0	0	1	0	0	0	0	0	0	0	0	0	0	0	46
SM	LB	3p	+	49	42	35	29	50	156	1	2	0	0	0	0	0	0	0	0	0	0	0	0	0	0	0	0	0	0	42
SM	LB	3p	+	50	26	24	39	51	140	0	1	0	2	0	0	1	0	0	2	0	1	0	0	0	0	0	0	0	0	37
SM	LB	3p	+	51	35	26	31	36	128	2	3	2	0	0	0	0	0	0	1	0	0	0	1	0	0	0	0	0	0	28
SM	LB	3p	+	52	44	26	18	28	116	2	6	2	1	0	0	0	0	0	1	0	1	0	0	0	0	0	0	0	0	24
SM	LB	3p	+	53	31	22	23	29	105	1	3	1	0	0	0	0	1	0	0	0	0	0	0	0	0	0	0	0	0	21
SM	LB	3p	+	54	24	16	17	36	93	1	2	0	0	0	1	0	0	0	0	0	0	0	0	0	0	0	0	0	0	14
SM	LB	3p	+	55	12	26	22	25	85	0	4	0	0	1	1	0	0	0	1	0	0	0	0	0	0	0	0	0	0	11
SM	LB	3p	+	56	19	11	20	19	69	1	0	0	0	0	0	0	0	1	0	0	0	0	0	0	0	0	0	0	0	5
SM	LB	3p	+	57	17	13	12	18	60	2	1	2	0	0	0	0	0	0	0	0	0	0	0	0	0	0	0	0	0	3
SM	LB	3p	+	58	14	9	12	17	52	0	0	0	0	0	0	0	0	0	0	1	0	0	0	0	0	0	0	0	0	3
SM	LB	3p	+	59	11	7	9	19	46	1	0	0	0	0	0	0	0	0	0	0	0	0	0	0	0	0	0	0	0	3
SM	LB	3p	+	60	9	8	10	12	39	0	0	0	0	0	0	0	0	0	0	0	0	0	0	0	0	0	0	0	0	2
SM	LB	3p	+	61	13	4	5	13	35	0	0	0	1	0	0	0	0	1	0	0	0	0	0	0	0	0	0	0	0	2
SM	LB	3p	+	62	9	8	6	7	30	0	2	0	0	0	0	0	0	0	0	0	0	0	0	0	0	0	0	0	0	2
SM	LB	3p	+	63	8	2	9	5	24	1	1	0	0	0	0	0	0	0	0	0	0	0	0	0	0	0	0	0	0	1
SM	LB	3p	+	64	2	5	6	7	20	0	0	0	0	0	0	0	1	0	0	0	0	0	0	0	0	0	0	0	0	1
SM	LB	3p	+	65	5	2	4	4	15	0	0	0	0	0	0	0	0	0	0	0	0	0	0	0	0	0	0	0	0	1
SM	LB	3p	+	66	4	2	2	4	12	0	0	0	0	0	0	0	0	0	0	0	0	0	0	0	0	0	0	0	0	0
SM	LB	3p	+	67	3	1	4	3	11	0	0	0	0	0	1	0	0	0	0	0	0	0	0	0	0	0	0	0	0	0
SM	LB	3p	+	68	1	3	2	4	10	0	0	0	0	0	0	0	0	0	0	0	0	0	0	0	0	0	0	0	0	0
SM	LB	3p	+	69	3	2	2	3	10	0	0	0	0	0	0	0	0	0	0	0	0	0	0	0	0	0	0	0	0	0
SM	LB	3p	+	70	2	1	2	3	8	1	0	0	0	0	0	0	0	0	0	0	0	0	0	0	0	0	0	0	0	0
SM	LB	3p	-	1	737	409	417	499	2062	169	29	4	10	2	6	3	23	4	22	3	3	0	0	0	0	0	0	0	0	443
SM	LB	3p	-	2	683	400	405	574	2062	42	11	5	5	1	2	0	4	2	3	5	2	0	0	0	0	0	0	0	0	442
SM	LB	3p	-	3	644	449	405	564	2062	11	6	2	1	0	1	0	3	1	7	1	1	0	0	0	0	0	0	0	0	376
SM	LB	3p	-	4	594	445	433	590	2062	4	5	5	4	0	0	1	4	0	1	0	1	0	0	0	0	0	0	0	0	327
SM	LB	3p	-	5	609	460	406	586	2061	3	2	1	0	0	2	0	1	0	0	0	0	0	0	0	0	1	0	0	0	291
SM	LB	3p	-	6	596	457	422	587	2062	3	8	4	2	1	2	3	1	2	1	2	1	0	0	0	0	0	0	0	0	260
SM	LB	3p	-	7	583	447	455	577	2062	6	3	4	1	0	1	1	2	1	2	3	0	0	0	0	0	0	0	0	0	244
SM	LB	3p	-	8	604	419	453	585	2061	9	4	3	2	1	3	0	3	2	2	0	2	0	0	0	0	0	0	1	0	226
SM	LB	3p	-	9	569	440	472	581	2062	2	5	5	6	0	1	1	1	1	1	2	1	0	0	0	0	0	0	0	0	217
SM	LB	3p	-	10	575	447	478	562	2062	3	1	1	3	0	1	3	4	0	2	1	3	0	1	0	0	0	0	0	0	192
SM	LB	3p	-	11	563	447	433	619	2062	4	2	3	4	1	1	0	2	0	0	1	6	0	0	0	0	0	0	0	0	183
SM	LB	3p	-	12	552	467	465	578	2062	5	8	7	1	2	3	3	1	2	2	2	2	0	0	1	0	0	0	0	0	178
SM	LB	3p	-	13	559	441	436	626	2062	0	3	4	6	0	2	3	0	1	1	1	2	0	0	0	0	0	0	0	0	171
SM	LB	3p	-	14	575	482	437	568	2062	0	3	2	2	0	0	1	0	0	1	0	3	0	1	0	1	0	0	0	0	157
SM	LB	3p	-	15	582	475	444	560	2061	3	2	2	4	1	2	0	0	0	3	3	3	0	0	0	0	1	0	0	0	145
SM	LB	3p	-	16	574	450	470	568	2062	3	6	5	0	0	0	0	0	1	1	1	1	0	0	0	0	0	0	0	0	137
SM	LB	3p	-	17	620	426	429	587	2062	3	1	4	2	0	1	1	1	0	2	1	2	0	0	0	0	0	0	0	0	136
SM	LB	3p	-	18	573	483	443	562	2061	1	1	2	0	1	2	0	1	0	1	1	0	0	0	1	0	0	0	0	1	133
SM	LB	3p	-	19	572	449	462	579	2062	2	2	3	2	0	1	1	1	2	1	2	0	0	0	0	0	0	0	0	0	130
SM	LB	3p	-	20	573	488	422	568	2051	4	7	6	5	1	0	0	2	3	2	2	1	0	0	0	0	0	0	0	0	128
SM	LB	3p	-	21	564	498	426	551	2039	3	6	1	4	0	0	0	0	1	0	2	1	0	0	0	0	0	0	0	0	127
SM	LB	3p	-	22	573	450	395	612	2030	6	4	1	3	1	3	1	2	2	1	1	2	0	0	0	0	0	1	0	0	123
SM	LB	3p	-	23	585	478	380	578	2021	4	5	6	1	2	2	1	0	0	0	1	0	0	0	0	0	0	0	0	0	120
SM	LB	3p	-	24	538	484	437	555	2014	3	3	3	0	2	2	1	1	2	0	0	1	1	0	1	0	0	0	0	0	117
SM	LB	3p	-	25	558	448	421	579	2006	1	6	2	0	0	0	1	1	1	2	2	2	1	1	0	0	0	0	0	0	114
SM	LB	3p	-	26	572	438	440	547	1997	7	6	1	2	0	3	1	5	0	0	1	4	0	1	0	0	0	0	0	0	113
SM	LB	3p	-	27	546	456	425	557	1984	3	5	1	1	0	2	1	4	0	5	0	1	1	0	0	1	0	0	1	0	109
SM	LB	3p	-	28	539	448	408	584	1979	7	8	1	2	1	0	1	2	2	0	1	3	1	0	0	1	0	0	0	0	101
SM	LB	3p	-	29	574	418	394	575	1961	3	8	2	1	0	4	1	4	0	1	2	1	0	0	1	0	0	0	1	1	99
SM	LB	3p	-	30	520	460	370	597	1947	2	8	3	2	1	3	1	2	0	2	1	1	1	0	0	0	1	2	1	0	97
SM	LB	3p	-	31	473	405	343	552	1773	8	26	5	2	1	2	3	6	5	0	0	4	0	0	0	0	1	1	1	0	95
SM	LB	3p	-	32	406	364	332	455	1557	9	26	5	1	0	2	1	2	1	4	0	2	0	0	0	2	1	1	0	1	94
SM	LB	3p	-	33	408	330	249	400	1387	8	27	3	4	2	3	1	0	1	0	0	2	0	0	0	0	0	1	1	2	92
SM	LB	3p	-	34	331	282	230	383	1226	9	15	5	2	1	1	1	1	2	3	1	6	0	0	0	0	0	0	2	1	90
SM	LB	3p	-	35	316	246	197	353	1112	4	20	4	3	1	1	0	3	3	2	1	1	1	0	0	0	2	2	0	1	88
SM	LB	3p	-	36	298	205	165	295	963	5	19	4	2	2	4	1	0	1	0	0	1	1	0	0	0	0	1	0	1	87
SM	LB	3p	-	37	235	173	176	282	866	3	15	1	1	0	1	1	2	1	3	0	0	1	0	0	0	0	1	0	0	85
SM	LB	3p	-	38	218	152	160	206	736	4	12	3	1	0	1	0	0	1	1	2	1	0	0	0	1	1	0	0	0	85
SM	LB	3p	-	39	204	118	127	194	643	1	7	1	2	1	0	1	0	0	1	0	0	1	0	0	0	0	0	0	1	84
SM	LB	3p	-	40	169	113	113	181	576	1	13	1	1	0	0	0	0	2	0	0	1	0	0	0	0	0	0	0	0	82
SM	LB	3p	-	41	155	105	94	150	504	3	16	5	0	1	1	1	3	0	0	2	1	0	0	0	1	0	0	0	0	81
SM	LB	3p	-	42	127	91	93	136	447	5	8	3	1	0	1	1	0	0	1	0	0	0	1	0	0	0	1	0	0	79
SM	LB	3p	-	43	129	75	76	106	386	3	9	3	1	0	0	2	0	0	1	0	1	0	0	0	1	0	0	0	0	79
SM	LB	3p	-	44	112	61	56	110	339	2	9	0	0	0	1	2	0	1	1	2	1	0	0	0	0	0	0	0	0	78
SM	LB	3p	-	45	87	81	45	94	307	0	13	1	1	0	0	0	1	3	1	0	1	0	0	0	0	0	0	0	0	78
SM	LB	3p	-	46	100	53	45	74	272	4	5	0	0	0	1	0	1	0	0	0	0	0	0	0	0	0	0	0	0	72
SM	LB	3p	-	47	69	46	40	82	237	1	6	1	0	0	0	0	0	3	0	0	1	0	0	0	0	0	0	0	0	50
SM	LB	3p	-	48	69	38	38	65	210	3	5	0	0	1	2	0	0	1	2	0	1	0	0	0	0	0	0	0	0	42
SM	LB	3p	-	49	60	36	22	58	176	1	3	2	0	0	0	1	1	0	1	0	1	0	0	0	0	0	0	0	0	39
SM	LB	3p	-	50	50	38	21	47	156	0	3	0	0	0	1	0	0	0	1	0	1	0	0	0	1	0	0	0	0	32
SM	LB	3p	-	51	42	32	16	47	137	0	2	0	0	0	0	1	0	0	0	0	2	0	0	0	0	0	0	0	0	24
SM	LB	3p	-	52	47	22	11	42	122	1	2	0	1	1	0	0	0	0	2	0	0	0	0	0	0	0	0	0	0	21
SM	LB	3p	-	53	37	17	26	28	108	0	1	0	0	0	0	0	0	0	1	0	0	0	0	0	0	0	0	0	0	16
SM	LB	3p	-	54	38	18	17	21	94	0	2	0	0	0	0	0	0	0	1	0	0	0	0	0	0	0	0	0	0	15
SM	LB	3p	-	55	30	17	13	24	84	0	3	0	0	1	0	0	0	0	0	0	2	0	0	0	0	1	0	0	0	13
SM	LB	3p	-	56	26	24	11	18	79	2	3	0	0	0	0	0	0	0	0	0	1	0	0	0	0	1	0	0	0	7
SM	LB	3p	-	57	25	14	6	19	64	0	1	0	0	0	0	0	0	0	1	0	0	0	0	0	0	0	0	0	0	3
SM	LB	3p	-	58	15	12	7	22	56	0	2	0	0	0	0	0	0	0	0	0	0	0	0	0	0	0	0	0	0	1
SM	LB	3p	-	59	11	9	6	18	44	1	0	0	0	0	0	0	0	0	0	0	0	0	0	0	0	0	0	0	0	1
SM	LB	3p	-	60	12	8	7	13	40	0	0	0	0	0	0	0	0	0	0	0	0	0	0	0	0	0	0	0	0	1
SM	LB	3p	-	61	12	4	7	10	33	0	0	1	0	0	0	0	0	0	0	0	0	0	0	0	0	0	0	0	0	1
SM	LB	3p	-	62	7	5	6	10	28	1	1	0	0	0	0	0	0	0	0	0	0	0	0	0	0	0	0	0	0	1
SM	LB	3p	-	63	4	5	4	8	21	0	0	0	0	0	0	0	0	0	0	0	0	0	0	0	0	0	0	0	0	1
SM	LB	3p	-	64	2	5	4	8	19	0	0	0	0	0	0	0	0	0	0	0	0	0	0	0	0	0	0	0	0	1
SM	LB	3p	-	65	5	6	3	3	17	0	0	0	0	0	0	0	1	0	0	0	0	0	0	0	0	0	0	0	0	1
SM	LB	3p	-	66	5	2	4	5	16	0	0	0	0	0	0	0	0	0	0	0	0	0	0	0	0	0	0	0	0	1
SM	LB	3p	-	67	1	3	3	7	14	0	0	0	0	0	0	0	0	0	0	0	0	0	0	0	0	0	0	0	0	1
SM	LB	3p	-	68	2	3	0	7	12	0	1	0	0	0	0	0	0	0	0	0	0	0	0	0	0	0	0	0	0	1
SM	LB	3p	-	69	3	1	2	3	9	0	0	0	0	0	0	0	0	0	0	0	0	0	0	0	0	0	0	0	0	1
SM	LB	3p	-	70	4	3	0	2	9	0	0	0	0	0	0	0	0	0	0	0	0	0	0	0	0	0	0	0	0	1
SM	LB	5p	+	1	533	408	405	687	2033	23	177	7	6	1	14	4	6	5	4	4	13	0	0	0	0	0	0	0	0	337
SM	LB	5p	+	2	567	376	396	694	2033	12	37	3	1	3	1	1	4	1	6	0	7	0	0	0	0	0	0	0	0	337
SM	LB	5p	+	3	559	457	429	588	2033	8	8	3	6	1	3	0	5	0	3	1	2	0	0	0	0	0	0	0	0	281
SM	LB	5p	+	4	628	423	424	557	2032	8	6	2	3	3	0	0	2	1	4	0	1	1	0	0	0	0	1	0	0	238
SM	LB	5p	+	5	640	425	439	529	2033	3	3	2	2	1	0	0	1	1	2	0	0	0	0	0	0	0	0	0	0	203
SM	LB	5p	+	6	582	428	442	581	2033	8	8	4	5	1	0	1	0	3	1	0	0	0	0	0	0	0	0	0	0	174
SM	LB	5p	+	7	543	438	447	605	2033	4	6	4	4	0	0	3	3	1	2	1	2	1	0	0	0	0	0	0	0	161
SM	LB	5p	+	8	531	473	458	571	2033	5	8	1	4	3	1	1	2	2	1	0	1	0	0	0	0	0	0	0	0	147
SM	LB	5p	+	9	587	446	399	601	2033	7	3	0	5	1	3	3	2	1	3	0	0	0	0	0	1	0	0	0	0	131
SM	LB	5p	+	10	581	447	476	529	2033	5	2	0	6	2	0	0	1	2	4	0	2	0	0	0	0	0	0	0	0	120
SM	LB	5p	+	11	577	439	446	571	2033	5	1	3	3	2	2	1	2	0	4	2	1	0	0	0	0	0	0	0	0	109
SM	LB	5p	+	12	583	443	456	550	2032	1	3	4	1	0	3	0	2	2	4	0	0	0	0	0	0	0	1	0	0	103
SM	LB	5p	+	13	601	397	479	556	2033	4	1	2	2	0	1	1	1	0	1	0	2	0	0	0	0	0	0	0	0	93
SM	LB	5p	+	14	602	427	457	547	2033	2	2	4	6	2	0	1	2	2	2	2	0	1	0	0	0	0	0	0	0	84
SM	LB	5p	+	15	583	420	427	603	2033	3	1	4	1	4	1	0	3	2	0	1	1	0	0	0	0	0	0	0	0	75
SM	LB	5p	+	16	575	453	458	547	2033	6	2	1	1	3	0	0	0	3	0	0	1	0	2	0	1	0	0	0	0	71
SM	LB	5p	+	17	592	422	452	567	2033	2	3	1	4	1	0	1	1	0	0	0	1	0	1	0	0	0	0	0	0	69
SM	LB	5p	+	18	561	456	466	550	2033	2	3	0	0	1	0	1	0	2	0	0	0	1	1	0	0	0	0	0	0	67
SM	LB	5p	+	19	611	449	435	537	2032	1	1	0	1	0	0	0	2	1	1	0	2	0	2	1	0	0	1	0	0	64
SM	LB	5p	+	20	563	448	436	573	2020	2	4	1	1	1	3	1	1	1	1	0	2	0	1	0	0	0	1	0	0	63
SM	LB	5p	+	21	584	433	454	540	2011	3	0	4	1	2	1	0	3	1	1	1	0	0	0	1	0	0	0	0	0	60
SM	LB	5p	+	22	594	424	469	515	2002	4	1	3	1	1	0	0	1	0	2	1	1	0	0	0	0	0	0	0	0	54
SM	LB	5p	+	23	612	368	484	526	1990	4	5	3	5	1	1	0	0	1	1	0	0	0	0	0	0	0	0	0	0	54
SM	LB	5p	+	24	619	419	464	481	1983	3	6	4	6	1	2	0	2	0	1	2	1	0	0	0	0	0	0	0	0	49
SM	LB	5p	+	25	633	412	420	509	1974	2	3	1	0	0	1	2	0	1	0	2	3	0	0	0	0	0	0	0	0	47
SM	LB	5p	+	26	602	410	446	504	1962	8	3	0	2	2	0	0	3	1	2	2	0	0	0	0	0	0	0	0	0	44
SM	LB	5p	+	27	609	427	420	499	1955	8	3	4	4	1	1	0	2	1	1	0	1	0	0	0	0	0	0	0	0	40
SM	LB	5p	+	28	615	421	426	481	1943	9	4	6	3	2	0	1	0	2	0	1	0	0	0	0	0	0	0	0	0	39
SM	LB	5p	+	29	628	383	425	498	1934	4	5	6	5	0	2	1	0	0	5	1	0	0	0	0	0	0	0	0	0	36
SM	LB	5p	+	30	647	367	422	484	1920	7	1	3	2	1	3	3	3	0	2	3	1	1	0	1	1	0	0	0	0	36
SM	LB	5p	+	31	565	325	408	447	1745	36	8	5	3	5	2	0	3	2	3	0	4	0	0	0	0	0	0	0	0	33
SM	LB	5p	+	32	456	322	351	412	1541	25	6	4	4	3	1	1	2	0	2	3	5	0	0	0	0	0	0	0	0	32
SM	LB	5p	+	33	455	256	289	377	1377	21	7	4	1	3	2	1	4	0	0	0	2	0	0	0	0	0	0	1	0	30
SM	LB	5p	+	34	390	249	264	313	1216	27	8	2	3	1	0	1	2	1	2	2	4	0	0	1	0	1	0	0	0	29
SM	LB	5p	+	35	357	189	242	282	1070	20	8	5	2	0	0	2	1	0	3	0	2	0	0	0	0	0	0	0	0	26
SM	LB	5p	+	36	287	176	204	242	909	22	5	5	5	1	0	3	1	0	3	2	3	0	0	0	0	0	0	0	0	26
SM	LB	5p	+	37	230	177	151	220	778	21	7	0	1	2	2	1	5	0	1	1	2	0	0	0	0	0	0	1	0	24
SM	LB	5p	+	38	204	149	144	168	665	18	4	2	0	0	0	1	1	1	1	1	0	1	0	0	0	1	0	0	0	23
SM	LB	5p	+	39	173	115	123	167	578	14	6	0	1	0	0	1	1	0	1	0	1	0	0	0	0	0	0	0	0	22
SM	LB	5p	+	40	159	115	118	106	498	17	2	1	2	0	0	1	0	0	2	0	2	0	0	0	0	0	0	0	0	22
SM	LB	5p	+	41	121	84	95	141	441	12	3	0	2	0	3	1	0	1	2	1	0	0	0	0	0	0	0	0	0	21
SM	LB	5p	+	42	110	69	82	121	382	7	2	0	1	0	1	0	2	0	1	0	1	0	0	0	0	0	0	0	0	20
SM	LB	5p	+	43	115	63	71	74	323	8	1	2	1	0	0	1	1	0	1	0	1	0	0	0	0	0	0	0	0	17
SM	LB	5p	+	44	109	45	60	81	295	3	1	3	0	0	1	0	1	1	2	1	0	0	0	0	0	0	0	0	0	15
SM	LB	5p	+	45	68	63	53	63	247	11	1	0	0	0	0	1	0	1	0	0	3	0	0	0	0	0	0	1	0	14
SM	LB	5p	+	46	58	42	53	64	217	8	1	1	1	1	0	1	0	0	1	0	0	0	1	0	0	1	0	0	0	14
SM	LB	5p	+	47	51	43	44	48	186	4	1	0	0	0	1	0	0	0	0	0	1	0	0	0	0	1	0	0	0	13
SM	LB	5p	+	48	58	31	35	41	165	1	1	0	0	0	0	2	0	0	0	0	0	0	0	0	0	0	0	1	0	12
SM	LB	5p	+	49	52	28	40	33	153	8	0	0	0	0	0	0	0	0	0	0	0	0	0	0	0	0	0	3	0	12
SM	LB	5p	+	50	38	27	37	38	140	3	2	1	1	0	0	0	0	0	0	0	1	0	1	0	0	0	0	0	0	11
SM	LB	5p	+	51	36	28	27	37	128	5	1	0	0	1	1	0	0	1	0	0	0	0	1	0	0	0	0	0	0	8
SM	LB	5p	+	52	27	26	28	35	116	4	1	1	0	0	0	0	0	2	0	0	0	0	0	0	0	0	0	0	0	8
SM	LB	5p	+	53	37	25	19	24	105	1	1	0	1	0	0	0	1	0	0	1	0	0	0	0	0	0	0	0	0	8
SM	LB	5p	+	54	25	19	27	22	93	0	0	0	2	0	1	2	1	0	0	0	0	0	0	0	0	0	0	0	0	7
SM	LB	5p	+	55	32	17	18	18	85	3	0	0	0	0	0	0	0	0	0	0	0	0	0	0	0	0	0	0	0	6
SM	LB	5p	+	56	17	15	17	20	69	1	0	1	2	0	0	2	1	0	0	0	0	0	0	0	0	0	0	0	0	4
SM	LB	5p	+	57	19	8	8	25	60	0	2	1	2	0	0	0	0	0	0	0	0	0	0	0	0	0	0	0	0	4
SM	LB	5p	+	58	11	11	13	17	52	2	1	0	0	0	1	0	0	0	0	0	1	0	0	0	0	0	0	0	0	3
SM	LB	5p	+	59	10	13	11	12	46	1	0	1	0	0	0	0	0	0	0	0	0	1	0	0	0	0	0	0	0	2
SM	LB	5p	+	60	11	6	7	15	39	1	0	0	1	0	0	0	0	0	0	0	0	0	0	0	0	0	0	0	0	1
SM	LB	5p	+	61	13	6	6	10	35	0	0	0	0	0	0	0	0	0	0	0	0	0	0	0	0	0	0	0	0	0
SM	LB	5p	+	62	10	4	8	8	30	1	2	0	0	0	0	0	0	0	0	0	0	0	0	0	0	0	0	0	0	0
SM	LB	5p	+	63	10	4	4	6	24	0	1	0	1	0	0	0	0	0	0	0	0	0	0	0	0	0	0	0	0	0
SM	LB	5p	+	64	3	6	4	7	20	2	0	0	0	0	0	0	0	0	1	0	0	0	0	0	0	0	0	0	0	0
SM	LB	5p	+	65	5	2	5	3	15	1	0	0	1	0	0	0	0	0	0	0	0	0	0	0	0	0	0	0	0	0
SM	LB	5p	+	66	3	3	3	3	12	0	0	0	0	0	0	0	0	0	0	0	0	0	0	0	0	0	0	0	0	0
SM	LB	5p	+	67	8	1	1	1	11	0	0	0	0	0	1	0	0	0	0	0	0	0	0	0	0	0	0	0	0	0
SM	LB	5p	+	68	3	2	4	1	10	0	0	0	0	0	0	0	0	0	0	0	0	0	0	0	0	0	0	0	0	0
SM	LB	5p	+	69	4	3	0	3	10	0	0	0	0	0	0	0	0	0	0	0	0	0	0	0	0	0	0	0	0	0
SM	LB	5p	+	70	1	1	3	3	8	0	0	1	0	0	0	0	0	0	0	0	0	0	0	0	0	0	0	0	0	0
SM	LB	5p	-	1	528	414	350	770	2062	22	176	11	2	2	7	3	4	3	9	1	9	0	0	0	0	0	0	0	0	367
SM	LB	5p	-	2	561	404	389	708	2062	17	43	7	4	0	3	2	2	5	3	0	3	0	0	0	0	0	0	0	0	367
SM	LB	5p	-	3	543	468	409	642	2062	5	14	4	3	1	1	1	2	1	2	0	1	0	0	0	0	0	0	0	0	313
SM	LB	5p	-	4	577	504	394	587	2062	4	7	3	0	0	2	3	1	1	2	2	1	0	0	0	0	0	0	0	0	266
SM	LB	5p	-	5	616	482	393	571	2062	2	3	1	3	2	0	0	0	1	0	1	0	0	0	0	0	0	0	0	0	234
SM	LB	5p	-	6	541	471	428	622	2062	6	4	4	2	2	1	1	3	1	1	2	2	1	0	0	0	0	0	0	0	202
SM	LB	5p	-	7	569	462	432	599	2062	3	7	2	2	0	1	2	1	3	3	0	2	1	0	0	0	0	0	0	0	183
SM	LB	5p	-	8	533	482	450	596	2061	4	8	3	2	2	1	2	1	0	0	1	3	1	0	0	0	0	1	0	0	168
SM	LB	5p	-	9	532	482	465	583	2062	3	7	1	3	1	2	1	1	1	3	1	0	0	0	0	0	0	0	0	0	153
SM	LB	5p	-	10	521	517	414	610	2062	3	7	0	3	0	1	3	2	1	3	1	2	0	1	0	0	0	0	0	0	139
SM	LB	5p	-	11	573	460	400	629	2062	6	2	2	2	1	3	0	1	5	2	0	2	0	0	0	1	0	0	0	0	121
SM	LB	5p	-	12	609	479	402	572	2062	4	3	8	0	1	1	0	1	0	1	1	1	0	0	0	0	0	0	0	0	113
SM	LB	5p	-	13	579	482	427	572	2060	1	6	0	0	0	1	1	4	1	2	0	4	0	0	0	1	0	1	1	0	104
SM	LB	5p	-	14	561	459	448	592	2060	1	4	1	2	0	1	0	1	0	0	0	2	0	0	0	1	0	1	1	0	99
SM	LB	5p	-	15	582	501	425	552	2060	0	1	4	0	0	0	2	2	0	1	0	0	0	0	0	0	0	1	0	1	92
SM	LB	5p	-	16	586	447	428	600	2061	1	2	1	0	0	0	1	2	4	0	1	1	0	0	0	0	1	0	0	0	84
SM	LB	5p	-	17	606	443	428	584	2061	1	5	1	1	0	2	0	0	0	2	1	0	0	0	0	0	0	1	0	0	75
SM	LB	5p	-	18	518	482	458	603	2061	1	4	1	1	0	1	1	2	1	0	1	3	0	0	0	1	0	0	0	1	72
SM	LB	5p	-	19	569	478	455	558	2060	4	3	2	0	2	0	1	0	1	1	0	1	0	0	0	0	1	1	0	0	65
SM	LB	5p	-	20	578	478	416	577	2049	3	3	2	0	0	6	0	1	0	0	1	4	1	0	0	0	1	0	0	1	59
SM	LB	5p	-	21	578	446	447	566	2037	0	2	3	2	1	1	0	0	1	3	3	1	2	1	1	0	0	0	1	1	57
SM	LB	5p	-	22	589	419	446	574	2028	0	6	3	0	0	2	0	1	2	1	1	3	0	0	0	1	2	0	1	0	56
SM	LB	5p	-	23	597	432	433	557	2019	5	7	3	1	1	1	0	1	0	1	0	0	1	0	0	0	0	1	0	1	50
SM	LB	5p	-	24	573	468	455	516	2012	4	4	0	0	0	4	1	2	5	1	1	0	1	0	0	0	0	0	0	2	49
SM	LB	5p	-	25	582	453	421	549	2005	3	5	4	5	1	2	0	2	0	3	3	1	0	0	1	0	0	0	1	0	48
SM	LB	5p	-	26	568	413	406	609	1996	5	3	2	3	1	2	2	1	0	1	0	2	1	0	0	0	0	0	1	0	45
SM	LB	5p	-	27	577	395	439	571	1982	4	4	3	3	0	1	1	0	1	1	1	4	0	0	0	0	2	0	0	1	43
SM	LB	5p	-	28	517	424	462	572	1975	7	5	4	1	1	2	0	2	1	0	1	1	0	0	1	0	1	1	1	1	36
SM	LB	5p	-	29	591	419	412	540	1962	7	4	2	4	0	1	0	2	0	2	1	1	0	1	1	0	0	1	0	0	34
SM	LB	5p	-	30	612	415	390	533	1950	7	4	4	4	1	0	2	7	1	2	2	1	0	0	0	0	0	1	0	0	33
SM	LB	5p	-	31	528	347	405	495	1775	25	6	4	2	0	4	2	8	0	12	3	2	0	0	0	0	0	1	0	0	32
SM	LB	5p	-	32	464	332	293	471	1560	20	5	2	5	0	3	2	6	0	6	1	6	0	1	0	0	0	0	0	0	31
SM	LB	5p	-	33	402	317	264	408	1391	28	8	2	2	1	0	2	6	1	2	3	0	0	0	0	0	0	0	0	0	28
SM	LB	5p	-	34	391	255	252	331	1229	21	7	4	3	1	0	1	3	3	3	1	3	0	0	0	0	0	0	0	0	27
SM	LB	5p	-	35	348	243	247	278	1116	22	14	5	4	0	1	1	2	1	3	2	0	0	0	0	1	0	0	1	0	27
SM	LB	5p	-	36	331	185	194	255	965	15	5	5	8	1	2	0	3	1	1	2	2	0	0	0	0	0	0	0	0	24
SM	LB	5p	-	37	320	171	171	205	867	14	5	5	4	0	2	0	1	2	2	0	3	0	0	0	0	0	0	0	0	21
SM	LB	5p	-	38	237	166	135	198	736	12	7	1	0	0	4	1	5	1	2	1	0	0	0	0	0	1	0	0	0	20
SM	LB	5p	-	39	201	145	120	178	644	15	1	1	2	1	0	2	1	0	1	0	1	0	0	0	0	0	0	0	0	20
SM	LB	5p	-	40	189	122	111	154	576	11	5	5	0	1	1	3	0	0	0	1	1	0	0	0	1	0	0	0	0	18
SM	LB	5p	-	41	169	87	91	157	504	11	2	4	1	0	2	1	0	0	1	1	0	0	0	0	0	0	0	0	0	18
SM	LB	5p	-	42	180	78	83	107	448	5	2	2	1	0	0	0	2	0	0	0	0	0	0	0	1	0	0	0	0	18
SM	LB	5p	-	43	114	84	76	112	386	7	4	3	1	0	0	0	0	2	0	0	0	0	1	0	1	0	0	0	0	18
SM	LB	5p	-	44	101	80	64	94	339	7	2	1	0	0	0	0	1	0	0	1	1	0	0	0	0	0	0	0	0	17
SM	LB	5p	-	45	113	56	57	81	307	6	1	1	2	2	1	0	1	0	0	2	2	0	0	0	0	0	0	0	0	16
SM	LB	5p	-	46	107	47	47	71	272	7	1	3	2	0	1	0	1	1	0	0	1	0	0	0	0	0	0	0	0	16
SM	LB	5p	-	47	77	41	60	59	237	6	1	1	1	0	0	1	2	0	0	2	1	0	0	0	0	0	0	0	0	15
SM	LB	5p	-	48	68	53	41	48	210	8	1	1	0	1	0	0	0	0	0	0	0	0	0	0	0	0	0	0	0	13
SM	LB	5p	-	49	64	47	22	42	175	1	4	0	3	0	0	0	1	0	0	0	0	0	0	0	0	1	0	0	0	13
SM	LB	5p	-	50	59	35	33	29	156	2	1	1	0	0	0	0	1	1	0	1	0	0	0	0	0	0	0	0	0	13
SM	LB	5p	-	51	55	28	24	30	137	2	0	0	2	0	0	0	0	0	0	0	1	0	0	0	0	0	0	0	0	11
SM	LB	5p	-	52	44	23	18	37	122	2	1	1	0	0	0	0	0	0	0	0	0	0	0	0	0	0	0	0	0	9
SM	LB	5p	-	53	38	23	15	32	108	1	3	3	0	0	0	0	0	0	0	1	0	0	0	0	0	0	0	0	0	8
SM	LB	5p	-	54	26	20	20	28	94	1	0	0	0	0	1	1	0	1	0	0	0	0	0	0	0	0	0	0	0	7
SM	LB	5p	-	55	27	19	15	24	85	0	0	0	0	0	0	0	2	0	0	0	1	0	0	0	0	0	0	0	0	6
SM	LB	5p	-	56	24	17	14	25	80	3	1	0	0	1	0	0	0	0	7	0	0	0	0	0	0	0	0	0	0	3
SM	LB	5p	-	57	19	12	13	20	64	1	1	0	1	0	0	0	0	0	2	0	0	0	0	0	0	0	0	0	0	1
SM	LB	5p	-	58	16	13	4	23	56	0	1	0	0	0	0	0	0	0	0	0	0	0	0	0	0	0	0	0	0	0
SM	LB	5p	-	59	15	11	9	9	44	2	0	0	1	1	0	0	0	0	0	0	0	0	0	0	0	0	0	0	0	0
SM	LB	5p	-	60	12	10	8	10	40	0	0	0	1	0	0	0	0	0	0	0	0	0	0	0	0	0	0	0	0	0
SM	LB	5p	-	61	11	5	7	10	33	2	0	0	0	0	0	0	0	0	0	0	0	0	0	0	0	0	0	0	0	0
SM	LB	5p	-	62	8	3	4	13	28	2	0	0	0	0	0	0	0	0	0	0	0	0	0	0	0	0	0	0	0	0
SM	LB	5p	-	63	5	5	2	9	21	0	1	0	0	0	0	0	0	1	0	0	1	0	0	0	0	0	0	0	0	0
SM	LB	5p	-	64	5	2	4	8	19	1	0	0	0	0	0	0	0	0	0	1	0	0	0	0	0	0	0	0	0	0
SM	LB	5p	-	65	3	5	4	5	17	0	0	0	0	0	0	0	0	0	0	0	0	0	0	0	0	0	0	0	0	0
SM	LB	5p	-	66	4	3	4	5	16	0	0	0	0	0	0	0	0	0	1	0	0	0	0	0	0	0	0	0	0	0
SM	LB	5p	-	67	2	1	4	7	14	0	0	0	0	0	0	0	0	0	0	0	0	0	0	0	0	0	0	0	0	0
SM	LB	5p	-	68	5	0	4	3	12	1	0	0	0	0	0	0	0	0	0	0	0	0	0	0	0	0	0	0	0	0
SM	LB	5p	-	69	3	1	2	3	9	0	0	0	0	0	0	0	0	0	0	0	0	0	0	0	0	0	0	0	0	0
SM	LB	5p	-	70	2	3	2	2	9	1	0	0	0	0	0	0	0	0	0	0	0	0	0	0	0	0	0	0	0	0
